2049
28175
210862
878119
821833
810166
606178
473045
745279
395752
983307
132077
677863
228525
644465
545815
367131
336497
19638
835082
754595
900028
305181
809833
729674
402298
27552
618863
729554
637924
914417
681569
280305
174357
893757
23950
425774
812671
509348
866461
18463
643891
68906
275867
374433
808688
541089
726331
41709
13745
463432
751526
467357
111806
229103
933142
158961
622974
818956
440060
748549
765885
996801
100028
39885
79987
128994
420665
105893
933921
975874
368597
26268
112084
436984
761354
315918
972684
942142
880657
891486
920794
640144
184640
389659
480517
8735
770314
393798
774741
48468
211806
181801
267447
808517
991758
681435
689921
1087
817551
67828
250330
578307
253098
373450
103406
431258
134094
201777
362557
815877
200589
483612
762854
407426
460778
734208
867415
64952
358267
294465
169999
180554
974308
155247
679520
260077
69076
611697
889818
703756
107242
137690
371647
70511
30968
751331
254647
934443
234862
689624
491261
945799
349239
636088
198518
432626
260201
293378
539400
298508
642415
107454
465714
922026
271329
850306
299463
730607
264810
877051
571267
697576
797225
313911
391756
152527
244585
710860
137948
140092
299942
997306
171166
158977
882010
978576
84766
53786
562196
515254
822039
442705
201614
859593
625641
932918
683184
507787
458093
156856
647835
276551
821884
282388
66334
970705
363619
545942
283072
451421
964763
512082
184408
903452
458984
781032
945876
21239
951399
446334
772891
144946
74494
783708
378243
543567
978614
125311
499967
817049
925259
35248
744832
929896
428253
111785
912040
746861
365994
72028
176304
208461
701376
172836
487071
688442
649857
469942
179768
114869
884868
883438
452101
366283
634268
151250
274530
200512
402567
701616
674864
255751
80834
156228
696700
414126
671488
34673
722804
154382
102633
179593
873668
240659
242427
190998
979814
79898
663100
40849
11167
975915
105814
58871
236339
512559
855327
254686
884121
37516
104485
584054
812686
300628
794944
974064
782759
516627
882150
809622
569938
505898
822736
254685
185489
303080
808352
501629
676220
761014
836656
821524
387485
991334
385459
345323
480391
289835
37879
840787
139955
530388
257017
243342
139318
708796
905425
675380
33107
608945
169845
472193
518265
19153
656772
569202
38749
470176
655300
387786
481635
562015
858227
896497
626581
313035
834983
49196
412988
340892
945033
65652
36164
71997
780035
442179
82752
375966
532921
600583
332969
442732
423156
11789
116985
785413
26900
631493
225244
673579
373092
441441
485077
193153
267807
931262
611443
963116
728945
912985
165296
944672
547726
522701
37131
736463
674223
115412
832454
880379
137896
313834
41881
492556
285746
470873
512151
19201
691221
844280
553195
396303
438459
734026
870222
980143
624224
274816
633265
343410
561259
582658
77260
448705
320057
499814
316200
434311
195907
745039
585801
928895
966693
660480
637276
474580
159291
457747
959982
65285
328460
298035
429731
307530
548811
822928
756588
517187
687482
313595
865654
1090
755541
963706
330290
802736
776672
337254
843460
331970
238469
222186
511424
890701
740834
44067
272447
171028
610140
460318
330649
974341
803708
705222
326929
416139
759619
704098
344044
721236
19792
402609
351181
862480
699682
479503
197453
361068
629724
435446
211874
628883
836735
786573
510911
771852
815976
871573
444967
468887
148105
377380
906326
352553
679455
205968
824460
973044
797866
636700
767977
118470
19663
452443
688736
25185
991884
749251
518830
394235
776616
168303
139543
139496
223922
821697
65448
184296
121834
642503
74309
811127
207768
872985
285074
852703
804942
371909
610515
476758
245122
40780
133531
112110
588175
525964
447302
244489
228412
270539
889413
244836
277160
961502
538006
719238
557495
540740
293824
79454
204421
610622
495120
512745
581306
435581
158608
346192
912330
616387
745096
142684
354458
766035
121417
873803
209116
928428
651336
602860
102695
941371
108201
393306
375461
799828
860473
50216
395276
695885
336958
866646
71170
611509
800244
403612
825106
393181
674627
322280
242857
817809
459108
953013
971109
999073
679166
36928
200562
487278
514949
658877
695383
602951
584580
898497
454311
991999
403980
665292
80135
424728
45294
282891
632800
758783
870124
371689
630271
330886
956946
777393
619659
809019
325335
892343
780452
629336
95842
170549
418085
73357
437411
242152
789714
302789
895256
734244
50731
888550
353093
346540
569473
573745
558112
373579
200190
588152
301407
7669
517793
464293
903220
344381
73646
130975
436619
487535
89127
455416
368342
921804
600840
994107
352204
734284
161867
224776
937871
275019
793549
999831
292550
210174
99662
521180
522092
151168
379890
906769
543556
27668
639411
409887
79613
74679
907546
264372
222842
55606
876118
485226
773109
780367
872805
109303
680507
778012
757230
457607
488820
132716
469469
808593
702735
217507
621960
542016
684154
282445
632447
665437
781350
697994
39533
887680
95876
17531
186900
135367
161204
512958
723222
629935
690955
173393
693019
28287
403233
356944
680656
419391
108576
609519
770808
771738
877462
542362
540707
110396
52266
599617
706214
923044
61434
204564
867999
371206
44732
120028
912588
406402
642088
177707
828141
378491
505931
945157
339304
718478
467554
45870
483644
879500
366408
852839
675252
32017
887098
114191
533096
600667
867296
87025
871855
784352
501847
925044
31576
275651
596927
406172
661490
85460
5805
141025
943821
834424
455812
60786
596704
276244
187613
346009
948524
413808
233966
607737
242186
997970
342824
945416
891761
838117
662437
806329
771833
622743
241799
662377
67502
398952
4309
524575
596576
302860
187942
693266
186414
30277
131315
148088
552230
389416
409930
723934
25501
198069
975623
934484
424760
571009
335527
46911
831123
188955
533753
734730
235371
995154
487161
832165
235731
725824
663144
164352
204025
487321
771262
996575
933433
334592
617655
343314
924159
322054
150542
602823
833468
579383
980745
245796
926549
110231
145911
780040
912146
401664
532157
721378
76455
252920
481999
22970
35935
499411
868701
972226
642501
888568
236804
655576
692756
132462
821003
275967
396088
150172
882730
585427
293414
365213
787106
103478
865581
177912
413638
943997
573632
581689
642756
500787
12283
463812
783220
501300
445343
185270
642840
81113
711645
131787
424040
31879
970123
191057
953771
28951
444219
232570
405341
146709
862677
278023
645702
964503
331231
80150
627645
28272
234711
592414
816729
176946
643408
906318
894747
626538
205692
421120
894362
498625
441447
834802
539070
903095
112887
613208
642356
25791
680872
502395
595762
122756
670379
564957
432447
853870
2313
28877
628349
842271
612399
873058
97626
753939
392615
371691
368054
194365
220844
750200
192264
981609
975015
468429
40899
577692
691565
618028
248897
972753
73600
725119
737901
413159
573614
989458
467211
296297
622688
240049
194015
95702
510464
159571
811679
744249
478913
99062
948046
489776
467961
603052
561948
316549
168741
119872
431965
150021
786679
569550
474908
868075
543133
354524
248988
951605
65397
10151
301170
522926
444648
653448
64998
433961
743735
787624
626809
357937
364998
596604
952657
721089
260773
225606
4645
896968
964560
800333
694362
229072
400478
209852
822410
324826
727349
193140
84030
415358
752532
599414
839403
692916
771429
259308
722242
406566
555000
852610
706629
183607
205274
540140
516137
331226
345880
76743
173539
903752
297139
627274
623381
130781
31665
10922
783537
171171
702847
168378
151448
10846
176047
712531
830678
199370
929058
342914
863525
352243
996345
695729
341307
482200
906405
231509
455394
999280
117812
876008
714078
991951
60000
285858
652134
358311
966719
561859
620950
117892
679661
962937
481341
225536
488491
473025
627484
565051
130458
293825
771124
837490
452242
962359
568929
591686
324467
807328
908186
395379
137
775435
536379
78426
362353
915871
226080
565143
414214
107707
166982
266757
481225
334376
898299
435943
320085
375899
220697
398200
600169
392926
874082
346442
709289
591973
551428
438853
413066
927919
839007
302302
932625
577825
194492
699517
701386
479409
747868
33864
450393
191118
676981
177023
840025
145417
46693
232558
557193
204818
98117
357014
832300
248489
285936
315741
182940
947237
381682
429673
649097
247434
549948
889376
886900
979132
62255
52677
425707
416232
228350
343596
265074
651198
799306
285526
646076
186286
549307
439202
766547
644641
684353
428957
271004
790682
532821
486039
417787
974919
508530
513036
780178
627338
614620
139203
366712
341905
10669
99081
386746
353026
507116
751704
893891
695606
751594
390434
189695
520340
7151
210068
654852
712082
896543
621909
86526
89771
244101
114616
574248
128742
476066
506376
315682
30818
418040
122349
419869
648640
357239
610998
659703
464349
399808
490995
923072
816436
747731
625684
65557
830315
786142
178253
587639
224860
623305
191168
53348
568741
516014
765740
538663
10425
739559
814205
513225
95578
606303
671521
76024
733058
537029
707501
967372
638408
58507
633962
798229
49879
81478
214718
377971
497473
298674
171189
480055
202558
574454
622584
35457
671379
296033
875304
261834
504966
815135
683592
188349
53515
761298
446998
690006
817816
570476
384981
745899
579219
109996
26438
342809
910822
79054
813737
465446
382506
969318
284507
44398
775755
790779
728959
552509
677842
798150
647747
940537
78032
564320
688202
565037
462031
22369
971187
389772
866069
966917
885973
665021
35491
243040
367753
456347
758736
231983
18996
337642
776679
52907
219214
82157
570217
154140
613289
701807
634621
9279
111755
564888
838791
249301
715444
498980
818682
134906
908251
470832
470949
992088
461943
380568
281865
895105
581629
584953
898246
882723
385206
411153
452465
938669
685882
261832
453146
678278
846472
719842
826942
133509
293803
740802
51117
516262
817903
596051
389324
890600
916803
834874
97296
665063
524026
126369
90762
790907
984269
830874
117176
933114
448837
989668
488082
337716
778635
657075
121105
638159
406017
751040
552819
523597
532275
837868
700766
322348
343139
723019
262050
833603
930876
805139
720326
229024
995824
345230
946409
234807
803650
559943
616845
208936
216201
116016
729485
843272
509970
530905
835609
342431
449299
776512
171496
912009
817182
671670
632049
197973
198182
152431
491359
98408
792050
831258
459265
88467
358478
612411
735352
96343
886409
823449
457355
496860
712025
935789
962009
989413
179622
691755
666675
588574
374991
603237
646866
946815
747660
964254
160797
213896
6859
820184
511092
771529
930273
626198
494216
104510
442567
150637
124175
844575
75527
682269
986029
582307
445862
412125
474027
70725
48274
630412
503264
761792
203210
445361
429342
542308
551030
408340
963173
815116
15115
362135
353003
44321
343185
375001
948890
999746
809863
151544
271167
383219
60773
414837
847497
104302
457322
935936
484784
711933
51309
73827
767854
314515
421778
384165
251544
283560
388797
586698
382787
290266
47805
716334
40567
747250
924810
755404
90086
777248
514705
684131
634546
893589
529287
371126
449092
930352
39059
328648
50035
645688
874884
286982
841975
535292
56762
204633
920980
449293
825357
689158
948967
146760
666132
14342
189362
28294
693209
969633
440905
539402
219396
470804
582277
441299
581248
417650
335155
316688
443698
454520
791813
144779
819585
865074
715817
152951
159275
619810
552988
287682
980400
939991
354205
655199
696628
760804
557810
623561
515789
207992
289827
591880
237461
293894
795225
496767
45037
524782
761899
702782
241381
938816
15064
784914
152765
273499
715954
658631
908551
224664
783226
266305
764302
847512
14596
800760
893688
284525
678642
542477
55821
791898
203568
753822
715077
269405
392396
638778
950594
582864
330270
665766
144546
254994
912017
573826
513732
8718
601172
38653
942790
63513
951233
634095
276418
547406
533892
912136
726833
486349
14764
611610
428323
506053
663589
756789
914799
523623
785862
635790
224214
845099
182514
22265
894923
50810
25698
557261
522874
767905
668676
405846
153465
760728
609108
44115
325180
894028
421382
113200
597856
961430
953168
907611
566485
608686
33791
273832
649210
534117
558214
468136
440120
394831
738118
686801
667684
378973
784917
700397
240420
693225
444571
137721
620032
151238
884826
657942
279213
295563
19661
778277
766376
390173
138763
719606
191385
832255
733695
484528
384291
406203
311956
190595
457791
830931
328157
840187
811919
769785
575960
426791
375105
98907
250626
29495
643044
724830
452696
558626
12297
477422
425370
421118
435966
489395
626816
26734
259227
793699
764916
395732
853270
861792
266609
464883
224999
117685
835556
923898
978082
104555
191874
29519
19763
319689
232308
452052
783984
46757
43683
68794
528678
786684
961831
519065
545608
711500
865271
31713
570754
657453
563074
749235
279848
15302
637412
40496
790854
789309
171716
216293
914936
321189
968013
482140
508139
727054
405982
345824
229882
77937
968941
213044
317580
635546
373126
79751
654336
903544
853635
397545
487857
449422
792706
185587
711107
889881
795507
715487
772585
236799
640155
357103
923776
959599
807395
32130
439276
602060
947990
896716
264894
211185
799871
99471
430051
503486
293234
416148
608462
97800
678099
418122
643432
878687
65625
116108
874778
480788
96833
943770
715333
763002
691585
168897
734611
95928
353345
133023
334970
29947
320324
667091
595728
102608
304189
580681
365674
483807
514931
288059
583026
863823
527721
244365
86976
247990
326579
805232
571804
284093
129085
389590
688527
3276
754724
956956
876816
477969
605894
901719
873487
57597
504314
683722
472810
810154
500363
931204
188965
797945
165841
124940
215725
455810
707435
409298
649198
728615
993193
871219
883231
93510
411396
629212
524594
72053
940821
514165
187872
721221
883914
330975
304286
773511
635393
523185
600805
380572
61178
985497
494703
727688
633168
355176
864300
609411
441594
890667
21949
877405
633994
606150
91910
307632
16477
662376
485996
781370
455074
1794
124976
223465
743765
130201
189080
827252
452074
176953
674668
119587
345352
88525
937178
883669
791825
660811
78416
249525
339115
43921
340643
197057
540968
702557
942772
219387
534941
137974
728811
605771
689449
119209
504129
31103
68264
255505
635995
16345
944341
82380
59886
535909
827811
709171
718137
36949
54833
636277
248109
617260
403875
175344
851941
480474
