100
1 2
11
10
10 10
0001111111 1010101001 0100001111 1111100011 1011000001 1100100110 0000110000 1110011000 0011011110 0101010100
1100111111 0101001000 0011000010 0010011001 1010110000 1000001110 0111101001 1101010111 1001110101 0110100110
10 10
0101100001 0110100110 1110001100 1011010001 1001110011 1100101111 0000001110 1011011010 0100110100 0011011001
0110101010 1110110001 1111100100 0001011111 0001010100 1100100011 1010001011 0100001001 1001011100 0011110110
10 10
0100111000 0010100011 1000011101 0110000110 1101110100 1011100110 1000111101 1111010001 0011001011 0101001010
1110010010 1010100101 0110111111 0011110010 0111010111 1000000000 0001001100 1101101001 0000111110 1101001001
10 10
1110001011 0100011111 0111100001 0111110100 0001000111 1010001000 1100110000 1011111000 0000101111 1001010110
0011101110 0001010101 1100100010 0110011101 1010000100 0111101101 1101001010 1010010001 1001111010 0100110011
2 7
1001110 1110011
1110001 1001100
1 8
00000011
11000010
1 3
100
010
3 7
1000001 1100000 1101011
1101000 1000000 1000100
8 10
0000010111 1001010001 0010001111 0011100111 0011101011 0011100110 1000100101 1110100001
0011010101 0011011000 1001101111 1000011011 1110011111 0010110001 0011011001 0000101001
1 5
10111
11000
4 7
0000111 1101011 0010101 1111001
1101011 0010101 0000111 1111001
10 10
1111110001 0010000000 0100110010 1101010111 1011011101 0101101100 0000101000 1010101010 1010001111 0101010111
0101110111 0101010010 1010010100 0010101111 0100100101 1011001010 0000001001 1101111000 1111010000 1010101111
10 10
0110001010 1001101001 0011100101 1000011000 0111110101 1000010111 0100110110 1101101000 0010001111 1111010010
1000111010 1010000110 0011011110 0001100100 1111101001 0100010100 0100011011 1110000011 0101100101 1011111001
3 7
0011100 1010000 0100101
0011110 0100111 1010010
2 9
100000110 010011111
110011111 000000110
10 10
0101110011 1010000110 1010011101 1000001011 0001010000 0010100110 0100111001 1101101011 1111100100 0111011100
1110011101 0001001010 0011011100 1100110010 0100101010 1101111000 1011100111 0110100101 0011000111 1000010001
10 10
1101011100 1011001010 0110100010 1010001011 0110110100 1110010000 0010110111 0001100010 0101110110 0000101010
0000001001 0011011101 0011001011 1000100011 0100011101 0101010101 1111110100 1110110101 0111001000 1011101111
2 6
100101 111010
110000 101111
10 10
0010000110 0111000001 1000111110 1001011010 0000001110 1110110101 1101110001 0110101010 0011000001 1101111101
0011110011 0111011111 1100001000 0010110100 1001001011 1111000000 0110110100 0001111011 1000101111 1100000100
6 5
00101 11111 11101 00100 00011 10001
10101 00000 11011 00111 00001 11001
10 7
0001000 1110010 1000111 0101000 0101111 1110110 0111011 1000110 1011001 1110111
0111111 0101011 0001100 1000010 0101100 1110011 1011101 1000011 1110110 1110010
2 9
111101101 001110010
110101101 000110010
10 10
1010010111 0011011100 1100110011 1000100001 0100011000 0101101010 1001110100 1110001111 0111101101 0011000010
1100100010 1111000001 1001100101 0110010100 0001001110 0010111011 0110001010 1101110111 1011011001 0000111100
3 10
1010101000 1001000000 1101110001
0100001011 0000111010 0111100011
8 9
010001101 000100111 000011001 101110100 010101001 100000100 101000110 010000110
110010001 010100000 100010010 000011111 000110111 100101100 001101101 110001000
10 10
0101100011 1110001101 0110001110 0000010011 1110010010 1110000000 0011100110 1001111001 1001111101 0001111100
0001000111 1100101100 0010110010 1011011000 0100101111 0011011101 1011011100 0111000010 1100100001 1100110011
10 8
01101010 01011010 00001010 01100111 11110110 11110111 10001000 10010111 00001000 11100001
11110011 11001110 10011110 01100011 11111110 00011100 01100010 00000011 01110101 10011100
1 5
01110
01111
1 10
1101101010
1000001111
10 10
0100100111 0000100001 1001011110 1010110000 1011011110 1011101001 0101100101 0110011011 1110010010 0101001100
1101001111 1001001001 0110000111 0110110000 1000100010 0111011110 1011110101 1000001011 0011111100 0100110000
8 9
110110010 001110100 101010100 011010111 101111001 000010101 010010000 111001100
110100110 100100010 001001111 111111000 011010111 000110011 111000111 111011011
2 7
0011110 0001110
0011011 0001011
10 10
0100010100 1110010010 0111111001 0101111110 0010101111 1001001111 0101110000 1000100101 1011001000 1010000011
0001010100 1101100101 0011010011 1100001111 1101101011 0110001001 0000111110 1111100010 0010011000 1010110100
2 10
1110101011 1111100010
0101010001 0100011000
10 10
1110001000 1100111000 0111000111 1011110100 1000011010 0010100001 0001111001 1100100111 0101001110 0011010111
1110110010 1000001100 0111010001 0011101100 1100011100 0001000011 0011110011 0100111111 1101101010 1010000101
10 10
1010100111 0110010010 0111000011 1101000100 0000110011 1010111100 1101011010 0101111101 0000001101 1011101000
0011011011 1000010011 0100100110 0101101001 1001000010 1110110010 0011000101 1110001100 1011111100 0100111101
4 6
111101 101001 010100 000000
111101 000000 010100 101001
10 10
1100111011 0100000000 1111010000 0111111111 0011000000 1010101100 0001111100 0010000111 1001011011 1100100111
1110101100 0101101000 1011001100 1101000111 0110010111 0011101011 1110110000 0000010000 1000111011 0001010111
2 5
00000 11000
00101 00011
3 10
1101001101 1010100000 1101110111
0101110111 0101001101 0010100000
2 5
10110 00111
01101 11100
2 10
0111001000 0111000000
1000011110 1000010110
10 10
0010001000 1000001111 0101110101 0111010010 1101110110 1010101011 1101001000 0010110101 1011000110 0100111001
0110101000 1011010001 0111000101 0100001100 1110110110 1000111010 1110001011 0001110101 0001001011 1001110110
7 4
1001 1110 0110 0100 1111 0101 1011
1100 1001 0110 1011 0100 1101 0111
6 9
000011011 100111001 011011100 100100100 100010000 111100010
011110010 101101011 011100011 000101100 100110011 000011100
1 2
10
00
3 9
101001010 001000101 110000110
100011100 011011111 111010000
8 5
01110 10011 11000 00110 10111 01001 10001 11100
01111 00010 10111 01001 01101 11000 00110 10000
8 4
0101 1111 1001 0110 1011 1101 0010 0001
0110 1101 0000 1010 1001 0100 0010 1110
10 10
0100110101 0111010110 1000000000 0011101011 0110101011 1100001100 1011011011 0111110000 1000001100 1001110111
1001100001 0011000110 0100010001 1011111111 0111001010 1000011100 0110111101 1000111010 0111000110 1100100001
10 5
11001 01100 10001 11110 01010 01101 01000 10101 11000 11011
10111 11101 11111 11000 10011 01100 01010 01011 01110 11110
1 9
101011100
000011001
1 9
000101011
111101011
6 7
1011101 1010011 1011100 0010010 1010000 1110011
0111101 1010011 0010011 1010110 1100100 0100011
8 8
10001000 11010111 01000111 11000111 11000101 10001010 10011010 00001010
01000101 00011000 00011010 10011000 01010111 01010101 11010101 00001000
8 6
111101 100101 000101 111110 011101 001011 110010 110101
100001 010001 001001 100110 011111 110001 101001 101010
1 5
11011
01011
4 8
01011100 00110011 01011000 10100010
11101010 11101110 00010100 10000101
10 10
0101101111 1110011011 0110111000 0011010111 0000100010 1100011001 1111110100 1010101001 0001000110 1001000100
1001110000 0000001110 0011100011 1011100001 1100011111 0100111100 1010000101 0101010011 0110111110 1111001000
4 8
00010111 01010111 11111001 10111001
01111001 00111001 11010111 10010111
10 10
0111011011 1011110011 1010101001 0110101111 1101101100 1100000101 0101110110 1001010000 0010001000 0000010110
1001100001 1000001000 0010100010 0011010110 0100011011 1101011101 1111111110 0001111011 1110100100 0110000101
10 10
1001010100 1000010011 0101110101 0110000110 1111101000 1011101111 0010010111 0000001000 1100101010 0111111001
1010010101 0001000110 1111111011 0010000100 1101100100 0101111111 0110000011 0100111000 1000011001 1011101010
10 10
1010011011 0010100100 0001010100 1110111110 0110010101 1100000010 0101100101 0111001000 1001111011 1001101011
0000101001 1101111111 0101010000 1010111110 0101000000 1110001111 1001001110 0010010101 0110110000 1011100011
8 9
111010100 111011000 001011100 000011011 000100011 001010011 101000101 101100101
001100001 100100111 110010110 000011110 001011001 100000111 000010001 110011010
9 10
0100010001 1110010001 1111011110 0110000111 0010001001 0101010000 1000100110 1001001010 0111101010
1100111000 0000010010 0011010000 0011001001 1010111110 0001110001 1111001001 0101100111 0111001101
10 10
1100001000 1000110010 1001110110 0101101011 0010011101 0110100000 1110010001 1111010101 0001001111 0011101110
0100111100 1000100001 1110100100 1111010111 1100000101 0001000010 0101111000 1011101010 0011011011 0010011111
2 6
000001 010001
010111 000111
3 5
10001 00011 01000
01111 10110 00100
4 7
1010110 0000110 1010100 0101010
1011011 0111011 1001100 1011110
9 10
1010101001 0011011101 1101111111 1000011001 0011001111 1100110101 1011100101 0110111111 1001100110
1111110101 1010010011 0001000101 1000100011 1011101100 0001010111 0100110101 1110111111 1001101111
10 10
1010110110 1111001101 1001001000 0011110111 0000001000 0110101000 1001010010 1100001101 0111110111 0100110011
1100100101 1010000101 0110000000 0011000101 0000111011 1001111010 0011011111 1110111110 1101111010 0101000000
10 10
0100100010 1011000100 1100101111 0100001001 1111110110 0011110011 0111111000 0010010011 1001001100 1000011101
1110100001 1001011011 1101010000 0110000111 1110001010 0011100100 0010110101 0001101100 1000111011 0101011110
10 10
1100110000 1011000010 0101111110 0100101001 0011101101 0010000100 0010111110 1000001001 1111010111 1101010011
0001001101 1001100010 1010101001 0000100100 0111011110 1110010000 1101110111 1111110011 0000011110 0110001001
10 10
0110000010 0001110110 1101001001 1001011101 1101100010 1101001010 1001110110 1001011110 0101100010 0010010110
1111001010 0011110110 0111100010 0111100001 0011011110 1000111110 0011110101 0111001010 1100101010 1011011110
2 5
11011 10111
11011 10111
4 8
11110010 00101101 01110101 10101010
01111101 11111010 10100010 00100101
10 10
1110100110 0110010001 0010001100 0011111000 0101100110 1001010000 0001010011 1110001011 1101111101 1000101111
0100011010 1100101101 0100110111 0011101100 0010010011 1111011010 0111000001 1001000100 1000110000 1011101111
10 10
0010100000 0101111011 1110000101 0111001011 0000010110 0101110000 1001101100 1000001111 1010111010 1111010101
0001110101 0011000011 1101010000 0100011110 0110101110 0110100101 1010111001 1001101111 1100000000 1011011010
6 7
0011011 0100101 1010010 1000100 0001101 0110011
1111011 0100100 1101101 1010011 0110010 1000101
10 10
1110101000 0001100010 0111100000 0001110101 1110011011 0001011100 1001000001 1100001110 1010110111 0110011111
0001000000 1100101100 0011010101 1100111011 0100001111 1011010001 0011100110 1010101110 0111111001 1100010010
4 8
10000011 11100101 00001100 00111100
00100000 10111100 00000001 00101010
4 8
11000111 11010011 11010010 11000110
01111101 01111100 01101001 01101000
6 4
0010 1010 0001 1110 1001 1101
1001 1101 0010 0001 1110 1010
4 9
111110110 111111001 010100110 010101001
010001110 111010001 010000001 111011110
4 3
000 100 011 111
000 111 100 011
10 10
0010110111 1110110100 1001000000 0110101100 0101100001 0000100111 1001011000 1110011011 1001011010 0111001111
0000110011 0110111000 0010100011 1001001110 0101110101 1110100000 0111011011 1001001100 1001010100 1110001111
4 7
1000111 1010111 1010010 1000010
1010101 1010000 1000101 1000000
10 10
0110100010 1010010110 1100101111 0011111000 1000101011 0001110111 1100010101 0101010000 0111001000 1011001101
0011100011 0101100000 0111011101 1000111110 1010100110 1001010100 0011011001 0100111011 1110000001 1100001110
9 10
1000100011 1100101100 0011010010 1110110011 1001011001 0100101011 0111100100 1010111100 0101011000
1100010010 0100010010 0100010101 1011011010 1001000111 0100000100 0101111101 0110010100 0100110000
6 10
0011111000 1001111110 0110001110 0101000111 0010110110 1100110011
1100110010 0011111001 0110001111 1001111111 0010110111 0101000110
10 10
0111011001 1010111100 1001001110 0000100010 0010000001 0110010111 1101010011 1111101110 0001110100 1100101001
0010010010 1011101011 1010100101 1100001000 0001010101 0100110010 1101011110 0000101111 0111000000 1111111101
3 9
110000001 110101001 101110111
101100111 110010001 110111001
10 10
0100100100 0101110111 1101001110 1110101001 1011111100 1010010011 1010010001 0100001001 0001000110 0011111010
1011101101 0010101010 0101110101 1011000000 0101110111 1100011110 1010010011 1110100010 0100011000 0001001101
4 7
1000011 1011111 0100000 1110100
1100011 1001000 0010010 0100111
2 10
0101000010 0100100001
1011000110 1010100101
10 10
0111111101 0100010101 0000100001 1011111010 1001100010 0010011000 1100001111 1000011100 1111100011 0111000110
0010110001 1110110110 1101011110 0110101000 0101000100 1001101010 1011010011 0001010111 0000101001 1110001101
2 3
100 111
101 110
8 5
11001 11011 00100 00010 00000 10011 00110 00001
10111 00000 00111 10110 11101 01000 11010 00011
8 9
110000010 110010011 010101011 111000101 100101111 110111101 000111101 111001010
101000110 101000010 000000000 000010001 010101011 111110111 110111010 110001001
